8	536
9	537
10	538
11	539
12	540
13	541
14	542
15	543
16	544
17	545
18	546
19	547
20	548
21	549
22	550
23	551
24	552
25	553
26	554
27	555
28	556
29	557
30	558
31	559
32	560
33	561
34	562
35	563
36	564
37	565
38	566
39	567
40	568
41	569
42	570
43	571
44	572
45	573
46	574
47	575
48	576
49	577
50	578
51	579
52	580
53	581
54	582
55	583
56	584
57	585
58	586
59	587
60	588
61	589
62	590
63	591
64	592
65	593
66	594
67	595
68	596
69	597
70	598
71	599
72	600
73	601
74	602
75	603
76	604
77	605
78	606
79	607
80	608
81	609
82	610
83	611
84	612
85	613
86	614
87	615
88	616
89	617
90	618
91	619
92	620
93	621
94	622
95	623
96	624
97	625
98	626
99	627
100	628
101	629
102	630
103	631
104	632
105	633
106	634
107	635
108	636
109	637
110	638
111	639
112	640
113	641
114	642
115	643
116	644
117	645
118	646
119	647
120	648
121	649
122	650
123	651
124	652
125	653
126	654
127	655
128	656
129	657
130	658
131	659
132	660
133	661
134	662
135	663
136	664
137	665
138	666
139	667
140	668
141	669
142	670
143	671
144	672
145	673
146	674
147	675
148	676
149	677
150	678
151	679
152	680
153	681
154	682
155	683
156	684
157	685
158	686
159	687
160	688
161	689
162	690
163	691
164	692
165	693
166	694
167	695
168	696
169	697
170	698
171	699
172	700
173	701
174	702
175	703
176	704
177	705
178	706
179	707
180	708
181	709
182	710
183	711
184	712
185	713
186	714
187	715
188	716
189	717
190	718
191	719
192	720
193	721
194	722
195	723
196	724
197	725
198	726
199	727
200	728
201	729
202	730
203	731
204	732
205	733
206	734
207	735
208	736
209	737
210	738
211	739
212	740
213	741
214	742
215	743
216	744
217	745
218	746
219	747
220	748
221	749
222	750
223	751
224	752
225	753
226	754
227	755
228	756
229	757
230	758
231	759
232	760
233	761
234	762
235	763
236	764
237	765
238	766
239	767
240	768
241	769
242	770
243	771
244	772
245	773
246	774
247	775
248	776
249	777
250	778
251	779
252	780
253	781
254	782
255	783
256	784
257	785
258	786
259	787
260	788
261	789
262	790
263	791
264	792
265	793
266	794
267	795
268	796
269	797
270	798
271	799
272	800
273	801
274	802
275	803
276	804
277	805
278	806
279	807
280	808
281	809
282	810
283	811
284	812
285	813
286	814
287	815
288	816
289	817
290	818
291	819
292	820
293	821
294	822
295	823
296	824
297	825
298	826
299	827
300	828
301	829
302	830
303	831
304	832
305	833
306	834
307	835
308	836
309	837
310	838
311	839
312	840
313	841
314	842
315	843
316	844
317	845
318	846
319	847
320	848
321	849
322	850
323	851
324	852
325	853
326	854
327	855
328	856
329	857
330	858
331	859
332	860
333	861
334	862
335	863
336	864
337	865
338	866
339	867
340	868
341	869
342	870
343	871
344	872
345	873
346	874
347	875
348	876
349	877
350	878
351	879
352	880
353	881
354	882
355	883
356	884
357	885
358	886
359	887
360	888
361	889
362	890
363	891
364	892
365	893
366	894
367	895
368	896
369	897
370	898
371	899
372	900
373	901
374	902
375	903
376	904
377	905
378	906
379	907
380	908
381	909
382	910
383	911
384	912
385	913
386	914
387	915
388	916
389	917
390	918
391	919
392	920
393	921
394	922
395	923
396	924
397	925
398	926
399	927
400	928
401	929
402	930
403	931
404	932
405	933
406	934
407	935
408	936
409	937
410	938
411	939
412	940
413	941
414	942
415	943
416	944
417	945
418	946
419	947
420	948
421	949
422	950
423	951
424	952
425	953
426	954
427	955
428	956
429	957
430	958
431	959
432	960
433	961
434	962
435	963
436	964
437	965
438	966
439	967
440	968
441	969
442	970
443	971
444	972
445	973
446	974
447	975
448	976
449	977
450	978
451	979
452	980
453	981
454	982
455	983
456	984
457	985
458	986
459	987
460	988
461	989
462	990
463	991
464	992
465	993
466	994
467	995
468	996
469	997
470	998
471	999
472	1000
473	1001
474	1002
475	1003
476	1004
477	1005
478	1006
479	1007
480	1008
481	1009
482	1010
483	1011
484	1012
485	1013
486	1014
487	1015
488	1016
489	1017
490	1018
491	1019
492	1020
493	1021
494	1022
495	1023
496	1024
497	1025
498	1026
499	1027
500	1028
501	1029
502	1030
503	1031
504	1032
505	1033
506	1034
507	1035
508	1036
509	1037
510	1038
511	1039
512	1040
513	1041
514	1042
515	1043
516	1044
517	1045
518	1046
519	1047
520	1048
521	1049
522	1050
523	1051
524	1052
525	1053
526	1054
527	1055
528	1056
529	1057
530	1058
531	1059
532	1060
533	1061
534	1062
535	1063
536	1064
537	1065
538	1066
539	1067
540	1068
541	1069
542	1070
543	1071
544	1072
545	1073
546	1074
547	1075
548	1076
549	1077
550	1078
551	1079
552	1080
553	1081
554	1082
555	1083
556	1084
557	1085
558	1086
559	1087
560	1088
561	1089
562	1090
563	1091
564	1092
565	1093
566	1094
567	1095
568	1096
569	1097
570	1098
571	1099
572	1100
573	1101
574	1102
575	1103
576	1104
577	1105
578	1106
579	1107
580	1108
581	1109
582	1110
583	1111
584	1112
585	1113
586	1114
587	1115
588	1116
589	1117
590	1118
591	1119
592	1120
593	1121
594	1122
595	1123
596	1124
597	1125
598	1126
599	1127
600	1128
601	1129
602	1130
603	1131
604	1132
605	1133
606	1134
607	1135
608	1136
609	1137
610	1138
611	1139
612	1140
613	1141
614	1142
615	1143
616	1144
617	1145
618	1146
619	1147
620	1148
621	1149
622	1150
623	1151
624	1152
625	1153
626	1154
627	1155
628	1156
629	1157
630	1158
631	1159
632	1160
633	1161
634	1162
635	1163
636	1164
637	1165
638	1166
639	1167
640	1168
641	1169
642	1170
643	1171
644	1172
645	1173
646	1174
647	1175
648	1176
649	1177
650	1178
651	1179
652	1180
653	1181
654	1182
655	1183
656	1184
657	1185
658	1186
659	1187
660	1188
661	1189
662	1190
663	1191
664	1192
665	1193
666	1194
667	1195
668	1196
669	1197
670	1198
671	1199
672	1200
673	1201
674	1202
675	1203
676	1204
677	1205
678	1206
679	1207
680	1208
681	1209
682	1210
683	1211
684	1212
685	1213
686	1214
687	1215
688	1216
689	1217
690	1218
691	1219
692	1220
693	1221
694	1222
695	1223
696	1224
697	1225
698	1226
699	1227
700	1228
701	1229
702	1230
703	1231
704	1232
705	1233
706	1234
707	1235
708	1236
709	1237
710	1238
711	1239
712	1240
713	1241
714	1242
715	1243
716	1244
717	1245
718	1246
719	1247
720	1248
721	1249
722	1250
723	1251
724	1252
725	1253
726	1254
727	1255
728	1256
729	1257
730	1258
731	1259
732	1260
733	1261
734	1262
735	1263
736	1264
737	1265
738	1266
739	1267
740	1268
741	1269
742	1270
743	1271
744	1272
745	1273
746	1274
747	1275
748	1276
749	1277
750	1278
751	1279
752	1280
753	1281
754	1282
755	1283
756	1284
757	1285
758	1286
759	1287
760	1288
761	1289
762	1290
763	1291
764	1292
765	1293
766	1294
767	1295
768	1296
769	1297
770	1298
771	1299
772	1300
773	1301
774	1302
775	1303
776	1304
777	1305
778	1306
779	1307
780	1308
781	1309
782	1310
783	1311
784	1312
785	1313
786	1314
787	1315
788	1316
789	1317
790	1318
791	1319
792	1320
793	1321
794	1322
795	1323
796	1324
797	1325
798	1326
799	1327
800	1328
801	1329
802	1330
803	1331
804	1332
805	1333
806	1334
807	1335
808	1336
809	1337
810	1338
811	1339
812	1340
813	1341
814	1342
815	1343
816	1344
817	1345
818	1346
819	1347
820	1348
821	1349
822	1350
823	1351
824	1352
825	1353
826	1354
827	1355
828	1356
829	1357
830	1358
831	1359
832	1360
833	1361
834	1362
835	1363
836	1364
837	1365
838	1366
839	1367
840	1368
841	1369
842	1370
843	1371
844	1372
845	1373
846	1374
847	1375
848	1376
849	1377
850	1378
851	1379
852	1380
853	1381
854	1382
855	1383
856	1384
857	1385
858	1386
859	1387
860	1388
861	1389
862	1390
863	1391
864	1392
865	1393
866	1394
867	1395
868	1396
869	1397
870	1398
871	1399
872	1400
873	1401
874	1402
875	1403
876	1404
877	1405
878	1406
879	1407
880	1408
881	1409
882	1410
883	1411
884	1412
885	1413
886	1414
887	1415
888	1416
889	1417
890	1418
891	1419
892	1420
893	1421
894	1422
895	1423
896	1424
897	1425
898	1426
899	1427
900	1428
901	1429
902	1430
903	1431
904	1432
905	1433
906	1434
907	1435
908	1436
909	1437
910	1438
911	1439
912	1440
913	1441
914	1442
915	1443
916	1444
917	1445
918	1446
919	1447
920	1448
921	1449
922	1450
923	1451
924	1452
925	1453
926	1454
927	1455
928	1456
929	1457
930	1458
931	1459
932	1460
933	1461
934	1462
935	1463
936	1464
937	1465
938	1466
939	1467
940	1468
941	1469
942	1470
943	1471
944	1472
945	1473
946	1474
947	1475
948	1476
949	1477
950	1478
951	1479
952	1480
953	1481
954	1482
955	1483
956	1484
957	1485
958	1486
959	1487
960	1488
961	1489
962	1490
963	1491
964	1492
965	1493
966	1494
967	1495
968	1496
969	1497
970	1498
971	1499
972	1500
973	1501
974	1502
975	1503
976	1504
977	1505
978	1506
979	1507
980	1508
981	1509
982	1510
983	1511
984	1512
985	1513
986	1514
987	1515
988	1516
989	1517
990	1518
991	1519
992	1520
993	1521
994	1522
995	1523
996	1524
997	1525
998	1526
999	1527
1000	1528
